##### CNN #####:
Model Stats:
              precision    recall  f1-score   support

           0       0.91      0.94      0.92    120347
           1       0.89      0.92      0.90    120720
           2       0.94      0.94      0.94    120502
           3       1.00      0.94      0.97    120157
           4       0.80      0.93      0.86    120478
           5       0.92      0.76      0.83    120649

    accuracy                           0.90    722853
   macro avg       0.91      0.90      0.90    722853
weighted avg       0.91      0.90      0.90    722853


##### LSTM #####:
Model Stats:
              precision    recall  f1-score   support

           0       0.94      0.97      0.96    120347
           1       0.99      0.96      0.97    120720
           2       0.97      0.98      0.98    120502
           3       0.98      0.96      0.97    120157
           4       0.77      1.00      0.87    120478
           5       0.99      0.71      0.83    120649

    accuracy                           0.93    722853
   macro avg       0.94      0.93      0.93    722853
weighted avg       0.94      0.93      0.93    722853


-##### Ensemble #####:
Model Stats:
              precision    recall  f1-score   support

           0       0.96      0.97      0.97    362050
           1       0.98      0.98      0.98    361678
           2       0.98      0.99      0.99    361896
           3       0.99      0.97      0.98    362241
           4       0.78      0.98      0.87    361920
           5       0.98      0.72      0.83    361749

    accuracy                           0.94   2171534
   macro avg       0.95      0.94      0.94   2171534
weighted avg       0.95      0.94      0.94   2171534
